structure(c(3.86128789674491, 4.49315462777391, 4.02480789957568, 
4.53538823008537, 2.78244231732562, 1.59879688322544, 2.24638917777687, 
2.99763528950512, 3.88903743531555, 4.9581267067045, 1.06090457491577, 
1.54168383983895, 3.92159460606053, 0.924637273065746, 2.51610960783437, 
2.80697818879038, 2.50362744482234, 2.56213937839493, 1.65017142608762, 
4.80276771500707, 2.77121053896844, 2.25314982725307, 4.85889451941475, 
3.80652605889365, 3.54973395725712, 2.51050021868199, 3.77005804870278, 
3.13975608700886, 1.84398608896881, 2.89699564063922, 4.1554692529887, 
0.944429528471082, 1.68586677908897, 3.70188118269667, 2.43002482431009, 
2.39543232602999, 4.46468318589032, 4.60895103633404, 3.43909222764894, 
1.46684906894341, 4.11134858453646, 2.67113118523732, 4.70327781794593, 
4.07483235683292, 1.97949948657304, 2.23059666754678, 1.16559624180198, 
1.09730233162642, 1.1446195785515, 3.47221461141482, 4.85503877796233, 
4.29539570529014, 2.20531520484015, 1.7891438398324, 3.9085841649957, 
2.95690336376429, 3.89746964454651, 1.24777106078342, 2.69696437833831, 
1.88524824965745, 4.149596617762, 1.97543201288208, 4.94281403377652, 
4.00804487392306, 4.91749524852261, 1.81330718403682, 4.79072530714795, 
1.52978842044249, 3.36945644037798, 4.78143746742979, 3.72848169617355, 
2.98257759049535, 2.4415798788704, 2.29008455689996, 1.11686551822349, 
3.44530595917255, 4.84270495044067, 3.59223887925968, 3.00199132541195, 
1.53240069951862, 4.47142735185102, 3.01892204556614, 0.955283487401903, 
0.998314643166959, 1.50960855828598, 2.16452955948189, 4.28867999980226, 
2.96956614058465, 4.19857631348073, 1.16741112701595, 4.70605695651844, 
4.21736848820001, 1.24155842645094, 3.37178738920018, 3.83630191283301, 
3.01649026535451, 3.85807534012944, 3.97978078121319, 1.31021333720535, 
2.54312952950597, 2.12141884453595, 3.43839495556429, 4.89503843929619, 
3.44230511484668, 3.04718630926684, 4.60221548736095, 3.52081408528611, 
4.4463486225158, 1.94456038324162, 1.79748184926808, 3.40666226267815, 
2.48445411255583, 4.00150586180389, 2.46932387068868, 4.16348601911217, 
4.61521983450279, 4.93482678731903, 3.31882773194462, 0.958613330423832, 
2.22883164230734, 3.20258347181603, 3.02086364543065, 1.28602439757437, 
3.707662340682, 3.81668596226722, 4.18494474064559, 4.77183993292972, 
1.68151624148712, 2.05686051201075, 4.07899421840906, 1.05646626772359, 
3.66142601415515, 4.23608985751867, 3.62569785466418, 4.77345666447654, 
4.48936379633844, 3.76527448633686, 1.6749668369256, 1.31798078635707, 
4.21566076293588, 3.04885275259614, 3.74964596105739, 1.80262472415343, 
3.49016691625118, 1.51979214008898, 4.83300747370347, 4.95965062253177, 
2.94547237634659, 4.67216238578782, 2.4382909748517, 4.2943943792209, 
3.20089522715658, 4.16633851464838, 2.3562487203069, 1.77079290503636, 
4.12190494723618, 3.70684910262004, 2.68260493746027, 4.37345066659153, 
3.37593086356297, 3.94189490275458, 3.34720016444102, 4.39436108609661, 
4.24071611592546, 2.47212727380916, 2.92861746592447, 4.97298005552962, 
1.63028495663777, 4.3238656624034, 2.53492672441527, 4.87374902717769, 
1.68788238473237, 3.97682441255078, 2.17855600902811, 2.46656031792983, 
3.98312463978305, 3.79314283598214, 4.67601957686245, 4.16473143553361, 
4.30263401003554, 1.60359446303919, 2.59263589976355, 1.72071118200198, 
1.97835454721004, 4.87929836910218, 4.23150426452979, 2.33819102527574, 
4.7484497531876, 1.58661852721125, 1.55978137383237, 3.99657808957621, 
4.53508564377204, 2.17159767610952, 2.18921353369951, 4.93686277221888, 
0.948271259125322, 2.03922795716673, 4.17602039607242, 1.91417244864628, 
2.78975572504103, 3.32145668072626, 4.56177445691079, 1.4250832215324, 
3.01430078579113, 3.62765210025012, 4.04341136027127, 1.29791479079053, 
1.19598969560117, 3.18888119617477, 3.57737910117954, 2.12752776913345, 
3.75765992293134, 2.46089342266321, 1.98472472013906, 4.75584866866469, 
2.67803098704666, 2.25442350465804, 3.10242520391941, 3.47384179620072, 
1.61532170630991, 1.36601052165031, 1.35769743317738, 1.29838643383235, 
3.10106816088781, 4.57726799538359, 3.81690615760162, 4.61833302170038, 
2.70168952168897, 2.82870108259842, 3.36032760977745, 2.17153135731816, 
3.25376346416771, 2.87514886872843, 3.76219727940857, 3.91994178785011, 
3.02757965680212, 4.94031513491645, 4.66535537309945, 2.84775073625147, 
2.47295674365014, 4.7503462988697, 4.77346633685753, 4.61984459294006, 
4.1202610100992, 3.47543075123802, 3.67662635086104, 4.74340779803693, 
3.10087077572942, 2.29410330580547, 4.14593675389886, 1.42291945233941, 
4.83324355408549, 1.0525673273392, 1.97953187033534, 4.49583542572334, 
4.3701478344202, 0.988763925004751, 1.66925475163385, 1.39263589339331, 
2.87193165166304, 4.79487752389163, 4.28900977745652, 4.23115953657776, 
4.65620667526498, 3.77667430117726, 1.25879736991599, 1.40175063150004, 
4.15809059362859, 4.98385884802788, 3.7394254594855, 1.52114386150613, 
2.21681909704581, 1.5563938774541, 4.98063447499648, 3.97276727335528, 
2.52360050782561, 3.16967659823596, 1.0399930107221, 2.29211216989905, 
4.42218703951687, 1.43851959504187, 4.14929747501388, 1.31935812124982, 
0.998146137408912, 2.04617147278041, 2.59749977651984, 1.19214345648885, 
4.16984878243878, 2.98580699160695, 3.03598518101498, 3.79827660180628, 
4.31300585843623, 1.16845743507147, 2.29428996508941, 4.19314312752336, 
2.07669034549966, 4.244698747769, 1.79753910364583, 3.18502358427271, 
0.983353022001684, 1.13496833013371, 3.3625217098929, 3.8098258379288, 
3.58603789225221, 3.27584899151698, 3.6874049750343, 1.77670977843925, 
1.88687882766128, 2.7835410920158, 2.30781741401181, 2.55578495942056, 
2.68130425775424, 4.81792208747938, 1.82689861297607, 2.41046803561971, 
4.52049948425964, 3.070227156654, 3.30970789831132, 1.97126151911914, 
4.46498549766839, 2.19664406253025, 3.66526944521815, 3.44597981311381, 
2.5663785154745, 2.56995258089155, 4.84633081182838, 2.20519028654322, 
0.984752855487168, 1.5754391489923, 1.85536571169272, 2.50911822618917, 
4.38430011136457, 3.92548646077514, 3.67337683172897, 1.35868688963354, 
1.16238776046783, 4.84153459329158, 3.89717190962285, 2.92146019848064, 
4.51431162839755, 3.28325274888426, 3.75289382537827, 4.63704695101827, 
4.33845329623669, 3.01870353164151, 3.47645569873974, 4.16439673429355, 
4.77075943145901, 1.10080417621881, 3.99421066556126, 3.71367407029495, 
3.45929918805137, 4.97346368027851, 3.51346316028386, 3.59617110205814, 
3.88798475880176, 3.30755644140765, 3.26711232932284, 1.06160560024902, 
4.13105202540755, 1.65828805750236, 1.60677458174527, 2.88020270299166, 
1.90958111416548, 2.31779314316809, 3.84664474314079, 4.47303661584854, 
1.9563488858752, 4.15379505807534, 3.25165462197736, 3.08426264211535, 
4.12094825072214, 4.70212660606951, 3.45647623118013, 3.55503897514194, 
2.69232736555859, 2.6831703623198, 4.8984560880065, 2.17565637417138, 
2.78524523502216, 3.80298842212185, 4.22900586439297, 2.17139352066442, 
3.68646663723513, 4.11994109006599, 4.42945883091539, 3.44255571994931, 
1.68919476021081, 4.61215500731021, 1.05095485726371, 4.13377762010321, 
4.40595198793337, 4.19451238119975, 1.60542347399518, 2.26100414829329, 
1.73340845337138, 2.25627685900778, 2.47288617383689, 2.98165577230975, 
1.43410133937374, 1.22796021867543, 2.8554877043888, 1.99952534584329, 
1.8614439785853, 3.35249349700287, 1.56841636203229, 4.40862373856828, 
1.88881148660555, 4.17221573052928, 1.2402212145552, 3.13093622067943, 
3.84513404775411, 1.08637969138101, 1.02444982696325, 3.94171503940597, 
4.06220819069073, 3.11780701413751, 2.50359668072313, 2.83522422866896, 
1.41974485758692, 4.34470796011388, 2.01087178019807, 1.71601246528327, 
1.94530464265496, 2.50766226306558, 4.36188638992608, 4.92083751972765, 
2.16978435261175, 2.02330045443028, 3.46158539617434, 3.46531534917653, 
1.14762409253046, 3.96150621756911, 2.18822051588446, 1.09346704257652, 
3.2345943772234, 0.986894793901593, 4.49353040101007, 3.07213285889477, 
