structure(c(386.128789674491, 449.315462777391, 402.480789957568, 
453.538823008537, 278.244231732562, 159.879688322544, 224.638917777687, 
299.763528950512, 388.903743531555, 495.81267067045, 106.090457491577, 
154.168383983895, 392.159460606053, 92.4637273065746, 251.610960783437, 
280.697818879038, 250.362744482234, 256.213937839493, 165.017142608762, 
480.276771500707, 277.121053896844, 225.314982725307, 485.889451941475, 
380.652605889365, 354.973395725712, 251.050021868199, 377.005804870278, 
313.975608700886, 184.398608896881, 289.699564063922, 415.54692529887, 
94.4429528471082, 168.586677908897, 370.188118269667, 243.002482431009, 
239.543232602999, 446.468318589032, 460.895103633404, 343.909222764894, 
146.684906894341, 411.134858453646, 267.113118523732, 470.327781794593, 
407.483235683292, 197.949948657304, 223.059666754678, 116.559624180198, 
109.730233162642, 114.46195785515, 347.221461141482, 485.503877796233, 
429.539570529014, 220.531520484015, 178.91438398324, 390.85841649957, 
295.690336376429, 389.746964454651, 124.777106078342, 269.696437833831, 
188.524824965745, 414.9596617762, 197.543201288208, 494.281403377652, 
400.804487392306, 491.749524852261, 181.330718403682, 479.072530714795, 
152.978842044249, 336.945644037798, 478.143746742979, 372.848169617355, 
298.257759049535, 244.15798788704, 229.008455689996, 111.686551822349, 
344.530595917255, 484.270495044068, 359.223887925968, 300.199132541195, 
153.240069951862, 447.142735185102, 301.892204556614, 95.5283487401903, 
99.8314643166959, 150.960855828598, 216.452955948189, 428.867999980226, 
296.956614058465, 419.857631348073, 116.741112701595, 470.605695651844, 
421.736848820001, 124.155842645094, 337.178738920018, 383.630191283301, 
301.649026535451, 385.807534012944, 397.978078121319, 131.021333720535, 
254.312952950597, 212.141884453595, 343.839495556429, 489.503843929619, 
344.230511484668, 304.718630926684, 460.221548736095, 352.081408528611, 
444.63486225158, 194.456038324162, 179.748184926808, 340.666226267815, 
248.445411255583, 400.150586180389, 246.932387068868, 416.348601911217, 
461.521983450279, 493.482678731903, 331.882773194462, 95.8613330423832, 
222.883164230734, 320.258347181603, 302.086364543065, 128.602439757437, 
370.7662340682, 381.668596226722, 418.494474064559, 477.183993292972, 
168.151624148712, 205.686051201075, 407.899421840906, 105.646626772359, 
366.142601415515, 423.608985751867, 362.569785466418, 477.345666447654, 
448.936379633844, 376.527448633686, 167.49668369256, 131.798078635707, 
421.566076293588, 304.885275259614, 374.964596105739, 180.262472415343, 
349.016691625118, 151.979214008898, 483.300747370347, 495.965062253177, 
294.547237634659, 467.216238578781, 243.82909748517, 429.43943792209, 
320.089522715658, 416.633851464838, 235.62487203069, 177.079290503636, 
412.190494723618, 370.684910262004, 268.260493746027, 437.345066659153, 
337.593086356297, 394.189490275458, 334.720016444102, 439.436108609661, 
424.071611592546, 247.212727380916, 292.861746592447, 497.298005552962, 
163.028495663777, 432.38656624034, 253.492672441527, 487.374902717769, 
168.788238473237, 397.682441255078, 217.855600902811, 246.656031792983, 
398.312463978305, 379.314283598214, 467.601957686245, 416.473143553361, 
430.263401003554, 160.359446303919, 259.263589976355, 172.071118200198, 
197.835454721004, 487.929836910218, 423.150426452979, 233.819102527574, 
474.84497531876, 158.661852721125, 155.978137383237, 399.657808957621, 
453.508564377204, 217.159767610952, 218.921353369951, 493.686277221888, 
94.8271259125322, 203.922795716673, 417.602039607242, 191.417244864628, 
278.975572504103, 332.145668072626, 456.177445691079, 142.50832215324, 
301.430078579113, 362.765210025012, 404.341136027128, 129.791479079053, 
119.598969560117, 318.888119617477, 357.737910117954, 212.752776913345, 
375.765992293134, 246.089342266321, 198.472472013906, 475.584866866469, 
267.803098704666, 225.442350465804, 310.242520391941, 347.384179620072, 
161.532170630991, 136.601052165031, 135.769743317738, 129.838643383235, 
310.106816088781, 457.726799538359, 381.690615760162, 461.833302170038, 
270.168952168897, 282.870108259842, 336.032760977745, 217.153135731816, 
325.376346416771, 287.514886872843, 376.219727940857, 391.994178785011, 
302.757965680212, 494.031513491645, 466.535537309945, 284.775073625147, 
247.295674365014, 475.03462988697, 477.346633685753, 461.984459294006, 
412.02610100992, 347.543075123802, 367.662635086104, 474.340779803693, 
310.087077572942, 229.410330580547, 414.593675389886, 142.291945233941, 
483.324355408549, 105.25673273392, 197.953187033534, 449.583542572334, 
437.01478344202, 98.876392500475, 166.925475163385, 139.263589339331, 
287.193165166304, 479.487752389163, 428.900977745652, 423.115953657776, 
465.620667526498, 377.667430117726, 125.879736991599, 140.175063150004, 
415.809059362859, 498.385884802788, 373.94254594855, 152.114386150613, 
221.681909704581, 155.63938774541, 498.063447499648, 397.276727335528, 
252.360050782561, 316.967659823596, 103.99930107221, 229.211216989905, 
442.218703951687, 143.851959504187, 414.929747501388, 131.935812124982, 
99.8146137408912, 204.617147278041, 259.749977651983, 119.214345648885, 
416.984878243878, 298.580699160695, 303.598518101498, 379.827660180628, 
431.300585843623, 116.845743507147, 229.428996508941, 419.314312752336, 
207.669034549966, 424.4698747769, 179.753910364583, 318.502358427271, 
98.3353022001684, 113.496833013371, 336.25217098929, 380.98258379288, 
358.603789225221, 327.584899151698, 368.74049750343, 177.670977843925, 
188.687882766128, 278.35410920158, 230.781741401181, 255.578495942056, 
268.130425775424, 481.792208747938, 182.689861297607, 241.046803561971, 
452.049948425964, 307.0227156654, 330.970789831132, 197.126151911914, 
446.498549766839, 219.664406253025, 366.526944521815, 344.597981311381, 
256.63785154745, 256.995258089155, 484.633081182837, 220.519028654322, 
98.4752855487168, 157.54391489923, 185.536571169272, 250.911822618917, 
438.430011136457, 392.548646077514, 367.337683172897, 135.868688963354, 
116.238776046783, 484.153459329158, 389.717190962285, 292.146019848064, 
451.431162839755, 328.325274888426, 375.289382537827, 463.704695101827, 
433.845329623669, 301.870353164151, 347.645569873974, 416.439673429355, 
477.075943145901, 110.080417621881, 399.421066556126, 371.367407029495, 
345.929918805137, 497.346368027851, 351.346316028386, 359.617110205814, 
388.798475880176, 330.755644140765, 326.711232932284, 106.160560024902, 
413.105202540755, 165.828805750236, 160.677458174527, 288.020270299166, 
190.958111416548, 231.779314316809, 384.664474314079, 447.303661584854, 
195.63488858752, 415.379505807534, 325.165462197736, 308.426264211535, 
412.094825072214, 470.212660606951, 345.647623118013, 355.503897514194, 
269.232736555859, 268.31703623198, 489.84560880065, 217.565637417138, 
278.524523502216, 380.298842212185, 422.900586439297, 217.139352066442, 
368.646663723513, 411.994109006599, 442.945883091539, 344.255571994931, 
168.919476021081, 461.215500731021, 105.095485726371, 413.377762010321, 
440.595198793337, 419.451238119975, 160.542347399518, 226.100414829329, 
173.340845337138, 225.627685900778, 247.288617383689, 298.165577230975, 
143.410133937374, 122.796021867543, 285.54877043888, 199.952534584329, 
186.14439785853, 335.249349700287, 156.841636203229, 440.862373856828, 
188.881148660555, 417.221573052928, 124.02212145552, 313.093622067943, 
384.513404775411, 108.637969138101, 102.444982696325, 394.171503940597, 
406.220819069073, 311.780701413751, 250.359668072313, 283.522422866896, 
141.974485758692, 434.470796011388, 201.087178019807, 171.601246528327, 
194.530464265496, 250.766226306558, 436.188638992608, 492.083751972765, 
216.978435261175, 202.330045443028, 346.158539617434, 346.531534917653, 
114.762409253046, 396.150621756911, 218.822051588446, 109.346704257652, 
323.45943772234, 98.6894793901592, 449.353040101007, 307.213285889477, 
