structure(list(timfor.time = c(5021314, 2259683, 2242584, 2187583, 
2216896, 2172185, 2227301, 2505752, 2840540, 2796668, 2872942, 
2912431, 2726365, 2653509, 2732272, 2733542, 2827360, 2729664, 
2816160, 2744861, 2650608, 2632699, 2700184, 2759061, 2727383, 
2709099, 2717958, 2676906, 2687323, 2719724, 2739354, 2698376, 
2645621, 2709180, 2740968, 2740784, 2712492, 2663463, 2644548, 
2654503, 2628993, 2824032, 11691178, 2126675, 2173560, 2177878, 
2245542, 2114855, 2192167, 2269971, 2248806, 2293117, 2300141, 
2327690, 2296261, 2219761, 2209357, 2231909, 2226024, 2340045, 
2322530, 2266814, 2177467, 2182194, 2149617, 2250959, 2324615, 
2282636, 2272260, 2269834, 2236594, 2221141, 2276338, 2284653, 
2317162, 2290859, 2344621, 2311708, 2245987, 2235502, 2257848, 
2285595, 2308939, 2301029, 2398059, 11786143, 2194503, 2147965, 
2110846, 2224790, 2173658, 2207480, 2291268, 2238363, 2331046, 
2303493, 2255138, 2217207, 2229160, 2288261), timforc.time = c(2225425, 
2144215, 2135900, 2139235, 2211104, 2178646, 2188013, 2191383, 
2149569, 2108937, 2097413, 2097019, 2096680, 2177152, 2109682, 
2091314, 2158604, 2098679, 2094602, 2105227, 2139837, 2212360, 
2106884, 2106317, 2102324, 2102767, 2094445, 2095337, 2151538, 
2142215, 2155429, 2092093, 2170959, 2121413, 2196798, 2133594, 
2238572, 2336033, 2353671, 2378665, 2326292, 2553439, 2798128, 
9358265, 2138656, 2168262, 2154085, 2205347, 2209205, 2181637, 
2178407, 2158776, 2176123, 2180015, 2133973, 2180050, 2106031, 
2091466, 2090052, 2096402, 2099710, 2102447, 2147626, 2196975, 
2119237, 2133241, 2187869, 2099858, 2140983, 2162377, 2163580, 
2178517, 2165128, 2163433, 2083433, 2121208, 2181702, 2208692, 
2174076, 2265925, 2368242, 2261038, 2304930, 2323768, 2324896, 
2363461, 12625528, 2223543, 2210851, 2143302, 2180480, 2082695, 
2169252, 2154591, 2178677, 2030000, 2150302, 2094941, 2120613, 
2139380), timwhile.time = c(5530742, 2108152, 2083297, 2088731, 
2166164, 2134574, 2158213, 2215713, 2139924, 2110781, 2196886, 
2183806, 2291728, 2272099, 2394963, 2551823, 2600130, 2645690, 
2612691, 2468730, 2297507, 2295392, 2288009, 2297595, 2341733, 
2385385, 2330182, 2298631, 2300324, 2287647, 2229795, 2279806, 
2293490, 2311250, 2292699, 2312496, 2330849, 2293831, 2266911, 
2251415, 2319803, 2256570, 2275607, 2280177, 2297933, 2222651, 
2235032, 2288374, 2266904, 2238319, 2272913, 2259704, 2295995, 
2238754, 2273680, 2282800, 11152003, 2099707, 2138586, 2161262, 
2135371, 2164183, 2141171, 2220396, 2139600, 2125249, 2199208, 
2219602, 2311072, 2166584, 2164346, 2155287, 2200476, 2252519, 
2195359, 2215903, 2158375, 2184019, 2207248, 2208308, 2187691, 
2216367, 2215666, 2202813, 2164111, 2205460, 2121952, 2159338, 
2122923, 2176926, 2130702, 2182370, 2137743, 2200877, 2186251, 
2222749, 2177283, 2163875, 2192871, 2129796), timwhilec.time = c(2128873, 
1996415, 1991959, 2000270, 2107424, 2096978, 2178214, 2187059, 
2005013, 2104464, 2139359, 2175542, 2182681, 2230543, 2284101, 
2512796, 2432941, 2570539, 2451780, 2380212, 2283780, 2244924, 
2195351, 2208810, 2204933, 2240529, 2246209, 2274654, 2340597, 
2242592, 2171757, 2172745, 2178007, 2271287, 2249537, 2303596, 
2271515, 2177410, 2169491, 2173061, 2253491, 2148478, 2212161, 
2299077, 2223168, 2220890, 2189897, 2150343, 2147251, 2186079, 
2257100, 2250630, 2174698, 2194011, 2165624, 2167935, 2296253, 
9362039, 2158884, 2095064, 1994002, 1997515, 2140643, 2108930, 
2178555, 2192993, 2063680, 2021937, 2058976, 2301249, 2127201, 
2213405, 2156259, 2076265, 2019504, 2024612, 2019917, 2048756, 
2225310, 2173604, 2268132, 2192601, 2161481, 2133781, 2052379, 
2067433, 2178476, 2045594, 2024186, 2086803, 2006543, 2012973, 
2091987, 2106430, 2124851, 2064180, 2099173, 2051005, 2040575, 
2050665)), class = "data.frame", row.names = c(NA, -100L))
